10,24
10,214
10,244
10,166
10,76
10,90
10,68
10,250
11,26
11,6
11,7
11,19
9,6
9,4
8,16
8,14
51,5
51,4
51,3
51,2
51,1
51,0
49,3
49,2
49,1
49,0
47,4
47,3
47,2
47,1
47,0
46,4
46,3
46,2
46,1
46,0
45,4
45,3
45,2
45,1
45,0
43,5
43,4
43,3
43,2
43,1
43,0
40,5
40,4
40,3
40,2
40,1
40,0
38,5
38,4
38,3
38,2
38,1
38,0
20,3
20,2
20,1
19,3
19,2
19,1
12,3
12,2
12,1
11,29
11,28
11,22
11,21
11,13
11,9
11,4
11,3
11,2
11,1
10,311
10,273
10,227
10,183
10,173
10,157
10,101
10,11
10,3
10,2
10,1
9,7
9,5
9,3
18,1
18,3
9,2
14,1
9,1
8,18
14,3
13,1
8,17
8,11
8,9
8,8
8,7
8,6
